Bx	By	Bz
-15.5245	0.	0.867659
-15.6238	0.	0.37543
-15.7169	0.	-0.114016
-15.8036	0.	-0.598152
-15.8838	0.	-1.0745
-15.9577	0.	-1.54065
-16.0251	0.	-1.99427
-16.0861	0.	-2.43317
-16.1405	0.	-2.85524
-16.1885	0.	-3.25856
-16.23	0.	-3.64134
-16.2649	0.	-4.00197
-16.2933	0.	-4.33902
-16.3151	0.	-4.65126
-16.3305	0.	-4.93766
-16.3393	0.	-5.19739
-16.3416	0.	-5.42983
-16.3374	0.	-5.63456
-16.3267	0.	-5.81138
-16.3096	0.	-5.96028
-16.286	0.	-6.08147
-16.256	0.	-6.17532
-16.2197	0.	-6.2424
-16.177	0.	-6.28344
-16.128	0.	-6.29933
-16.0727	0.	-6.29112
-16.0112	0.	-6.25995
-15.9436	0.	-6.20711
-15.8698	0.	-6.13397
-15.79	0.	-6.04198
-15.7041	0.	-5.93266
-15.6123	0.	-5.80758
-15.5146	0.	-5.66832
-15.411	0.	-5.5165
-15.3017	0.	-5.35371
-15.1867	0.	-5.18155
-15.0661	0.	-5.00158
-14.94	0.	-4.81532
-14.8084	0.	-4.62422
-14.6713	0.	-4.42968
-14.529	0.	-4.23303
-14.3815	0.	-4.03551
-14.2288	0.	-3.83828
-14.071	0.	-3.64239
-13.9083	0.	-3.44882
-13.7407	0.	-3.25843
-13.5684	0.	-3.07201
-13.3913	0.	-2.89023
-13.2097	0.	-2.71366
-13.0235	0.	-2.54281
-12.833	0.	-2.37806
-12.6381	0.	-2.21974
-12.4391	0.	-2.06807
-12.2359	0.	-1.92323
-12.0288	0.	-1.7853
-11.8177	0.	-1.65432
-11.6029	0.	-1.53025
-11.3844	0.	-1.41304
-11.1623	0.	-1.30255
-10.9367	0.	-1.19863
-10.7077	0.	-1.10111
-10.4755	0.	-1.00975
-10.2401	0.	-0.92433
-10.0016	0.	-0.844598
-9.76025	0.	-0.770291
-9.51601	0.	-0.701136
-9.26904	0.	-0.636858
-9.01944	0.	-0.577178
-8.76732	0.	-0.521818
-8.51278	0.	-0.470505
-8.25593	0.	-0.422969
-7.99687	0.	-0.378947
-7.73572	0.	-0.338183
-7.47257	0.	-0.300432
-7.20752	0.	-0.265455
-6.94069	0.	-0.233028
-6.67217	0.	-0.202933
-6.40208	0.	-0.174968
-6.13049	0.	-0.148937
-5.85753	0.	-0.124661
-5.58329	0.	-0.101969
-5.30787	0.	-0.0807029
-5.03137	0.	-0.0607174
-4.75389	0.	-0.0418774
-4.47551	0.	-0.0240598
-4.19635	0.	-0.00715294
-3.91649	0.	0.00894423
-3.63602	0.	0.0243219
-3.35505	0.	0.0390602
-3.07366	0.	0.0532295
-2.79194	0.	0.066891
-2.50998	0.	0.0800974
-2.22788	0.	0.0928936
-1.94571	0.	0.105318
-1.66357	0.	0.117401
-1.38154	0.	0.129169
-1.0997	0.	0.140643
-0.818139	0.	0.151841
-0.536936	0.	0.162776
-0.256173	0.	0.173461
0.0240724	0.	0.183905
0.303721	0.	0.194118
0.582697	0.	0.204106
0.860923	0.	0.21388
1.13833	0.	0.223446
1.41483	0.	0.232815
1.69037	0.	0.241995
1.96487	0.	0.250996
2.23826	0.	0.259829
2.51047	0.	0.268506
2.78143	0.	0.277039
3.05109	0.	0.285438
3.31937	0.	0.293716
3.58621	0.	0.301884
3.85154	0.	0.309952
4.11532	0.	0.31793
4.37747	0.	0.325826
4.63793	0.	0.333647
4.89666	0.	0.341398
5.15358	0.	0.349083
5.40865	0.	0.356703
5.66182	0.	0.364259
5.91302	0.	0.371749
6.16221	0.	0.379172
6.40933	0.	0.386523
6.65433	0.	0.393797
6.89717	0.	0.400991
7.13779	0.	0.408099
7.37615	0.	0.415116
7.6122	0.	0.422038
7.84589	0.	0.428862
8.07719	0.	0.435585
8.30605	0.	0.442206
8.53242	0.	0.448726
8.75626	0.	0.455146
8.97753	0.	0.461471
9.1962	0.	0.467703
9.41222	0.	0.473851
9.62555	0.	0.47992
9.83616	0.	0.485919
10.044	0.	0.491857
10.2491	0.	0.497743
10.4513	0.	0.503585
10.6506	0.	0.509392
10.8471	0.	0.515172
11.0406	0.	0.520931
11.2312	0.	0.526675
11.4188	0.	0.532409
11.6033	0.	0.538135
11.7848	0.	0.543854
11.9632	0.	0.549565
12.1385	0.	0.555268
12.3106	0.	0.560959
12.4796	0.	0.566633
12.6453	0.	0.572286
12.8079	0.	0.577912
12.9672	0.	0.583505
13.1232	0.	0.58906
13.2759	0.	0.594571
13.4253	0.	0.600035
13.5713	0.	0.605447
13.714	0.	0.610805
13.8533	0.	0.616109
13.9891	0.	0.621359
14.1215	0.	0.626558
14.2505	0.	0.631709
14.376	0.	0.636817
14.498	0.	0.641888
14.6164	0.	0.64693
14.7313	0.	0.65195
14.8427	0.	0.656958
14.9505	0.	0.66196
15.0547	0.	0.666967
15.1552	0.	0.671984
15.2522	0.	0.677019
15.3455	0.	0.682077
15.4351	0.	0.687163
15.521	0.	0.692279
15.6033	0.	0.697427
15.6818	0.	0.702607
15.7566	0.	0.707816
15.8276	0.	0.713051
15.8949	0.	0.71831
15.9584	0.	0.723585
16.0182	0.	0.728872
16.0741	0.	0.734164
16.1262	0.	0.739455
16.1745	0.	0.744741
16.219	0.	0.750015
16.2595	0.	0.755274
16.2963	0.	0.760515
16.3291	0.	0.765737
16.3581	0.	0.770939
16.3831	0.	0.776125
16.4043	0.	0.781297
16.4215	0.	0.786461
16.4348	0.	0.791621
16.4442	0.	0.796787
16.4496	0.	0.801966
16.451	0.	0.807167
16.4485	0.	0.8124
16.442	0.	0.817672
16.4315	0.	0.822993
16.417	0.	0.828371
16.3985	0.	0.833811
16.376	0.	0.83932
16.3495	0.	0.844901
16.3189	0.	0.850557
16.2844	0.	0.856288
16.2457	0.	0.862094
16.2031	0.	0.867972
16.1564	0.	0.873919
16.1056	0.	0.879929
16.0508	0.	0.885999
15.9919	0.	0.892121
15.929	0.	0.898291
15.8619	0.	0.904503
15.7908	0.	0.910753
15.7157	0.	0.917036
15.6364	0.	0.92335
15.5531	0.	0.929695
15.4657	0.	0.936071
15.3742	0.	0.942481
15.2786	0.	0.94893
15.179	0.	0.955423
15.0753	0.	0.961969
14.9675	0.	0.968576
14.8556	0.	0.975256
14.7396	0.	0.982018
14.6196	0.	0.988876
14.4955	0.	0.99584
14.3673	0.	1.00292
14.2351	0.	1.01013
14.0988	0.	1.01748
13.9585	0.	1.02498
13.8141	0.	1.03263
13.6657	0.	1.04044
13.5133	0.	1.04842
13.3568	0.	1.05656
13.1964	0.	1.06487
13.0319	0.	1.07334
12.8635	0.	1.08198
12.6911	0.	1.09078
12.5147	0.	1.09975
12.3344	0.	1.10886
12.1501	0.	1.11814
11.962	0.	1.12756
11.7699	0.	1.13714
11.5739	0.	1.14688
11.3741	0.	1.15677
11.1705	0.	1.16683
10.963	0.	1.17707
10.7517	0.	1.18749
10.5366	0.	1.19811
10.3177	0.	1.20894
10.0952	0.	1.22001
9.86888	0.	1.23133
9.63891	0.	1.24293
9.40529	0.	1.25483
9.16804	0.	1.26706
8.9272	0.	1.27964
8.6828	0.	1.2926
8.43487	0.	1.30596
8.18344	0.	1.31976
7.92855	0.	1.33402
7.67024	0.	1.34877
7.40855	0.	1.36403
7.14351	0.	1.37983
6.87517	0.	1.3962
6.60356	0.	1.41317
6.32874	0.	1.43076
6.05075	0.	1.44902
5.76964	0.	1.46797
5.48545	0.	1.48765
5.19823	0.	1.5081
4.90804	0.	1.52937
4.61494	0.	1.55151
4.31896	0.	1.57458
4.02018	0.	1.59864
3.71865	0.	1.62377
3.41444	0.	1.65004
3.10759	0.	1.67755
2.79818	0.	1.70638
2.48627	0.	1.73664
2.17193	0.	1.76843
1.85523	0.	1.80188
1.53624	0.	1.8371
1.21502	0.	1.87421
0.891661	0.	1.91335
0.566231	0.	1.95464
0.238809	0.	1.99821
-0.0905259	0.	2.04419
-0.421691	0.	2.09269
-0.754605	0.	2.14384
-1.08918	0.	2.19774
-1.42533	0.	2.25449
-1.76297	0.	2.31417
-2.10201	0.	2.37683
-2.44235	0.	2.44253
-2.7839	0.	2.51127
-3.12656	0.	2.58306
-3.47025	0.	2.65784
-3.81485	0.	2.73554
-4.16026	0.	2.81604
-4.50639	0.	2.89919
-4.85313	0.	2.98475
-5.20037	0.	3.07247
-5.548	0.	3.16203
-5.89592	0.	3.25302
-6.24401	0.	3.34498
-6.59217	0.	3.43738
-6.94027	0.	3.52959
-7.2882	0.	3.62091
-7.63584	0.	3.71054
-7.98308	0.	3.79758
-8.3298	0.	3.88104
-8.67586	0.	3.95983
-9.02117	0.	4.03276
-9.36557	0.	4.09851
-9.70896	0.	4.15568
-10.0512	0.	4.20276
-10.3922	0.	4.23814
-10.7318	0.	4.26012
-11.0698	0.	4.26691
-11.4062	0.	4.25665
-11.7408	0.	4.22739
-12.0735	0.	4.17715
-12.4042	0.	4.10391
-12.7326	0.	4.00562
-13.0588	0.	3.88024
-13.3825	0.	3.72575
-13.7036	0.	3.54017
-14.022	0.	3.32158
-14.3376	0.	3.06817
-14.6502	0.	2.77825
-14.9597	0.	2.45028
-15.2659	0.	2.0829
-15.5688	0.	1.67494
-15.8681	0.	1.2255
-16.1638	0.	0.733904
-16.4557	0.	0.199786
-16.7438	0.	-0.376918
-17.0278	0.	-0.995939
-17.3076	0.	-1.65666
-17.5831	0.	-2.35809
-17.8543	0.	-3.09887
-18.1209	0.	-3.87724
-18.3828	0.	-4.69107
-18.64	0.	-5.53783
-18.8922	0.	-6.41458
-19.1394	0.	-7.31805
-19.3815	0.	-8.24456
-19.6183	0.	-9.19012
-19.8498	0.	-10.1504
-20.0758	0.	-11.1208
-20.2961	0.	-12.0963
-20.5108	0.	-13.072
-20.7197	0.	-14.0425
-20.9227	0.	-15.0023
-21.1197	0.	-15.946
-21.3106	0.	-16.8679
-21.4953	0.	-17.7624
-21.6738	0.	-18.624
-21.8459	0.	-19.4472
-22.0115	0.	-20.2268
-22.1706	0.	-20.9576
-22.3231	0.	-21.6349
-22.4689	0.	-22.254
-22.608	0.	-22.8108
-22.7402	0.	-23.3014
-22.8656	0.	-23.7225
-22.984	0.	-24.0711
-23.0954	0.	-24.3448
-23.1998	0.	-24.5417
-23.297	0.	-24.6604
-23.3871	0.	-24.7
-23.4701	0.	-24.6602
-23.5458	0.	-24.5414
-23.6142	0.	-24.3442
-23.6754	0.	-24.0702
-23.7292	0.	-23.7212
-23.7757	0.	-23.2997
-23.8149	0.	-22.8085
-23.8467	0.	-22.2511
-23.8711	0.	-21.6312
-23.8881	0.	-20.953
-23.8977	0.	-20.2211
-23.9	0.	-19.4404
-23.8949	0.	-18.6158
-23.8824	0.	-17.7528
-23.8626	0.	-16.8566
-23.8354	0.	-15.933
-23.8009	0.	-14.9875
-23.7591	0.	-14.0257
-23.7101	0.	-13.0531
-23.6539	0.	-12.0753
-23.5904	0.	-11.0974
-23.5199	0.	-10.1247
-23.4422	0.	-9.16193
-23.3575	0.	-8.21384
-23.2657	0.	-7.28472
-23.1671	0.	-6.37859
-23.0615	0.	-5.49912
-22.9491	0.	-4.64959
-22.8299	0.	-3.83293
-22.7041	0.	-3.05169
-22.5716	0.	-2.308
-22.4326	0.	-1.60361
-22.2871	0.	-0.939888
-22.1352	0.	-0.317825
-21.977	0.	0.26196
-21.8125	0.	0.799199
-21.6419	0.	1.29395
-21.4653	0.	1.74659
-21.2827	0.	2.15777
-21.0942	0.	2.52842
-20.9	0.	2.85968
-20.7	0.	3.15291
-20.4946	0.	3.40966
-20.2836	0.	3.63161
-20.0673	0.	3.82057
-19.8457	0.	3.97845
-19.6189	0.	4.10722
-19.3871	0.	4.2089
-19.1504	0.	4.28554
-18.9088	0.	4.33917
-18.6625	0.	4.37182
-18.4116	0.	4.38547
-18.1562	0.	4.38206
-17.8965	0.	4.36344
-17.6324	0.	4.33142
-17.3643	0.	4.28769
-17.0921	0.	4.23387
-16.8159	0.	4.17146
-16.536	0.	4.10188
-16.2525	0.	4.02643
-15.9653	0.	3.94631
-15.6747	0.	3.86263
-15.3808	0.	3.77637
-15.0837	0.	3.68843
-14.7835	0.	3.59961
-14.4803	0.	3.51063
-14.1743	0.	3.42209
-13.8655	0.	3.33455
-13.5541	0.	3.24846
-13.2403	0.	3.16422
-12.924	0.	3.08215
-12.6055	0.	3.00252
-12.2848	0.	2.92554
-11.9621	0.	2.85137
-11.6374	0.	2.78013
-11.3109	0.	2.71188
-10.9828	0.	2.64668
-10.653	0.	2.58452
-10.3217	0.	2.52538
-9.98913	0.	2.46924
-9.65525	0.	2.41601
-9.32021	0.	2.36561
-8.98412	0.	2.31797
-8.64708	0.	2.27295
-8.30921	0.	2.23047
-7.97059	0.	2.19038
-7.63134	0.	2.15258
-7.29155	0.	2.11693
-6.95132	0.	2.08331
-6.61075	0.	2.05159
-6.26993	0.	2.02165
-5.92897	0.	1.99339
-5.58795	0.	1.96667
-5.24697	0.	1.94141
-4.90611	0.	1.91749
-4.56548	0.	1.89483
-4.22515	0.	1.87334
-3.88521	0.	1.85294
-3.54576	0.	1.83356
-3.20687	0.	1.81513
-2.86862	0.	1.79759
-2.53111	0.	1.78089
-2.1944	0.	1.76497
-1.85858	0.	1.7498
-1.52373	0.	1.73534
-1.18991	0.	1.72153
-0.857218	0.	1.70836
-0.525711	0.	1.69579
-0.195465	0.	1.68379
0.133449	0.	1.67233
0.460961	0.	1.66137
0.787004	0.	1.65091
1.11151	0.	1.6409
1.43442	0.	1.63133
1.75566	0.	1.62217
2.07517	0.	1.61339
2.3929	0.	1.60497
2.70877	0.	1.59689
3.02274	0.	1.58913
3.33473	0.	1.58166
3.64471	0.	1.57447
3.95261	0.	1.56754
4.25838	0.	1.56086
4.56196	0.	1.5544
4.86331	0.	1.54817
5.16236	0.	1.54214
5.45909	0.	1.53631
5.75342	0.	1.53067
6.04533	0.	1.52523
6.33475	0.	1.51996
6.62166	0.	1.51488
6.90599	0.	1.50998
7.18772	0.	1.50525
7.46679	0.	1.50071
7.74316	0.	1.49634
8.01681	0.	1.49215
8.28768	0.	1.48814
8.55573	0.	1.48431
8.82094	0.	1.48064
9.08327	0.	1.47715
9.34267	0.	1.47382
9.59911	0.	1.47065
9.85257	0.	1.46764
10.103	0.	1.46478
10.3504	0.	1.46206
10.5947	0.	1.45948
10.8358	0.	1.45703
11.0739	0.	1.45469
11.3087	0.	1.45247
11.5404	0.	1.45035
11.7688	0.	1.44833
11.9939	0.	1.4464
12.2158	0.	1.44456
12.4343	0.	1.44281
12.6496	0.	1.44114
12.8614	0.	1.43954
13.0699	0.	1.43802
13.2749	0.	1.43658
13.4765	0.	1.43522
13.6747	0.	1.43393
13.8694	0.	1.43273
14.0606	0.	1.43161
14.2482	0.	1.43057
14.4324	0.	1.42963
14.6129	0.	1.42877
14.7899	0.	1.42801
14.9633	0.	1.42734
15.1331	0.	1.42677
15.2993	0.	1.42629
15.4617	0.	1.4259
15.6206	0.	1.4256
15.7757	0.	1.4254
15.9272	0.	1.42528
16.0749	0.	1.42525
16.2189	0.	1.42529
16.3591	0.	1.42541
16.4956	0.	1.4256
16.6283	0.	1.42586
16.7572	0.	1.42618
16.8823	0.	1.42656
17.0036	0.	1.427
17.1211	0.	1.42749
17.2347	0.	1.42803
17.3445	0.	1.42862
17.4504	0.	1.42926
17.5524	0.	1.42995
17.6505	0.	1.43069
17.7447	0.	1.43148
17.835	0.	1.43233
17.9214	0.	1.43323
18.0039	0.	1.43419
18.0824	0.	1.43521
18.157	0.	1.43629
18.2276	0.	1.43744
18.2942	0.	1.43865
18.3568	0.	1.43994
18.4155	0.	1.4413
18.4701	0.	1.44274
18.5208	0.	1.44424
18.5674	0.	1.44582
18.61	0.	1.44747
18.6486	0.	1.4492
18.6832	0.	1.45099
18.7137	0.	1.45285
18.7402	0.	1.45478
18.7626	0.	1.45677
18.7809	0.	1.45882
18.7952	0.	1.46092
18.8054	0.	1.46309
18.8116	0.	1.46531
18.8137	0.	1.46758
18.8116	0.	1.46991
18.8055	0.	1.47228
18.7953	0.	1.47471
18.781	0.	1.4772
18.7626	0.	1.47973
18.7402	0.	1.48233
18.7136	0.	1.48498
18.6829	0.	1.48769
18.6481	0.	1.49046
18.6092	0.	1.4933
18.5662	0.	1.49621
18.519	0.	1.49919
18.4678	0.	1.50225
18.4125	0.	1.50538
18.3531	0.	1.50858
18.2895	0.	1.51187
18.2219	0.	1.51524
18.1502	0.	1.51869
18.0743	0.	1.52222
17.9944	0.	1.52584
17.9104	0.	1.52953
17.8223	0.	1.53331
17.7302	0.	1.53717
17.6339	0.	1.54111
17.5336	0.	1.54514
17.4293	0.	1.54924
17.3209	0.	1.55342
17.2084	0.	1.55769
17.092	0.	1.56203
16.9715	0.	1.56645
16.8469	0.	1.57096
16.7184	0.	1.57555
16.5859	0.	1.58023
16.4495	0.	1.58499
16.309	0.	1.58984
16.1646	0.	1.59478
16.0163	0.	1.59982
15.864	0.	1.60495
15.7079	0.	1.61019
15.5479	0.	1.61553
15.384	0.	1.62097
15.2162	0.	1.62653
15.0447	0.	1.63219
14.8693	0.	1.63798
14.6902	0.	1.64387
14.5072	0.	1.64989
14.3206	0.	1.65603
14.1302	0.	1.6623
13.9362	0.	1.66869
13.7385	0.	1.67521
13.5372	0.	1.68186
13.3323	0.	1.68865
13.1238	0.	1.69556
12.9118	0.	1.70262
12.6963	0.	1.70982
12.4774	0.	1.71716
12.255	0.	1.72465
12.0292	0.	1.73229
11.8001	0.	1.74009
11.5676	0.	1.74806
11.3319	0.	1.7562
11.093	0.	1.76452
10.8509	0.	1.77302
10.6056	0.	1.78173
10.3573	0.	1.79065
10.1059	0.	1.7998
9.85157	0.	1.80919
9.59427	0.	1.81885
9.33408	0.	1.82878
9.07107	0.	1.83903
8.80528	0.	1.84961
8.53678	0.	1.86057
8.26562	0.	1.87192
7.99187	0.	1.88373
7.71558	0.	1.89603
7.43683	0.	1.90887
7.15568	0.	1.92232
6.87219	0.	1.93645
6.58644	0.	1.95132
6.2985	0.	1.96704
6.00844	0.	1.98368
5.71633	0.	2.00135
5.42226	0.	2.02017
5.12629	0.	2.04026
4.82851	0.	2.06177
4.52899	0.	2.08484
4.22783	0.	2.10963
3.92511	0.	2.13633
3.62091	0.	2.16511
3.31532	0.	2.19619
3.00843	0.	2.22977
2.70033	0.	2.26608
2.39111	0.	2.30536
2.08087	0.	2.34786
1.76971	0.	2.39384
1.45772	0.	2.44358
1.145	0.	2.49733
0.831649	0.	2.55539
0.517773	0.	2.61803
0.203475	0.	2.68555
-0.111141	0.	2.75822
-0.425969	0.	2.83632
-0.740901	0.	2.92011
-1.05583	0.	3.00984
-1.37064	0.	3.10576
-1.68522	0.	3.20806
-1.99946	0.	3.31694
-2.31325	0.	3.43254
-2.62647	0.	3.55498
-2.93901	0.	3.68431
-3.25074	0.	3.82057
-3.56156	0.	3.9637
-3.87134	0.	4.1136
-4.17995	0.	4.27011
-4.4873	0.	4.43297
-4.79324	0.	4.60187
-5.09766	0.	4.7764
-5.40044	0.	4.95605
-5.70145	0.	5.14026
-6.00058	0.	5.32833
-6.2977	0.	5.51949
-6.59268	0.	5.71287
-6.88541	0.	5.9075
-7.17576	0.	6.10232
-7.46361	0.	6.29617
-7.74883	0.	6.48783
-8.0313	0.	6.67597
-8.3109	0.	6.85919
-8.5875	0.	7.03604
-8.861	0.	7.205
-9.13125	0.	7.36452
-9.39816	0.	7.51301
-9.66158	0.	7.64886
-9.92142	0.	7.77046
-10.1775	0.	7.87623
-10.4298	0.	7.96459
-10.6782	0.	8.03403
-10.9225	0.	8.08309
-11.1626	0.	8.11039
-11.3985	0.	8.11466
-11.63	0.	8.09473
-11.857	0.	8.04958
-12.0793	0.	7.97831
-12.297	0.	7.8802
-12.5099	0.	7.75469
-12.7179	0.	7.60141
-12.9208	0.	7.4202
-13.1187	0.	7.21106
-13.3114	0.	6.97423
-13.4988	0.	6.71015
-13.6808	0.	6.41947
-13.8574	0.	6.10306
-14.0285	0.	5.76198
-14.1939	0.	5.39751
-14.3537	0.	5.0111
-14.5077	0.	4.60441
-14.6559	0.	4.17926
-14.7981	0.	3.73762
-14.9344	0.	3.2816
-15.0647	0.	2.81346
-15.1889	0.	2.33554
-15.307	0.	1.85026
-15.4188	0.	1.36012